


        sig---- len---  rld---- complex sect 2+000000   sect 1+000050
0000275 001 000 056 000 004 000 017 004 017 002 000 000 017 001 050 000
        SUB Store displaced
0000315 002 013 
                016 010 074 031 100 006 002 000 016 014 074 031 100 006
0000335 011 000 003 020 002 000 007 000 074 031 100 006 000 000 074 001
0000355 000 014 000 003 000 000 000 042 000 010 000 306 001 000 006 000
0000375 006 000 363 000 000 000 000 000 000 000 000 000 000 000 000 000
0000415 000 000 000 000 000 000 000 000 000 000 000 000 000 000 000 000
*
0000775 000 000 000
0001000
